      0/39     2.17G   0.07301    0.1034   0.05837    0.2347       196       640 0.0001491  0.001377 1.988e-05 3.385e-06    0.1038     0.139   0.05799
      1/39     9.33G   0.06678     0.112   0.04927     0.228       121       640   0.02727  0.005114 0.0004156 9.255e-05   0.09581    0.1515   0.05419
      2/39     14.7G   0.06056    0.1286   0.04773    0.2369       141       640    0.0732   0.02995  0.007757  0.003149   0.08911    0.1586    0.0506
      3/39     14.7G   0.05611    0.1362   0.04602    0.2383        68       640    0.1264   0.05776  0.006855  0.002726    0.0855    0.1548   0.04982
      4/39     14.7G   0.05295     0.137   0.04493    0.2348       130       640    0.4065   0.03698  0.008506  0.003354   0.08114    0.1565   0.04932
      5/39     14.7G   0.05024    0.1349   0.04408    0.2292       144       640    0.3424   0.04008   0.01117   0.00548    0.0785    0.1547   0.04859
      6/39     14.7G   0.04854    0.1304   0.04286    0.2218       189       640    0.3968   0.05543   0.01448   0.00745   0.07754    0.1548   0.04829
      7/39     14.7G   0.04748    0.1274   0.04219     0.217       117       640    0.5951   0.02946   0.01753  0.008256   0.07551    0.1535   0.04762
      8/39     14.7G   0.04693     0.126   0.04144    0.2143       131       640    0.4863   0.05641   0.02203   0.01209   0.07529    0.1524   0.04768
      9/39     14.7G   0.04614    0.1265   0.04067    0.2133        97       640    0.6579   0.02834   0.02372    0.0134   0.07288    0.1533   0.04712
     10/39     14.7G   0.04529    0.1258   0.04001    0.2111       129       640     0.622   0.04565   0.02479   0.01263   0.07359     0.151   0.04687
     11/39     14.7G   0.04471    0.1237   0.03944    0.2078       183       640     0.429    0.0681   0.03243   0.01684   0.07133     0.151     0.047
     12/39     14.7G   0.04454    0.1213   0.03864    0.2045       121       640    0.5823   0.04417   0.02845   0.01499   0.07104    0.1511     0.046
     13/39     14.7G   0.04422    0.1217    0.0381     0.204       121       640    0.3458   0.07206   0.03482   0.01768   0.07121     0.154   0.04571
     14/39     14.7G   0.04391    0.1195   0.03744    0.2008       108       640    0.6673   0.04703   0.03901   0.02067    0.0699    0.1549   0.04503
     15/39     14.7G   0.04332    0.1191    0.0369    0.1993       130       640    0.4935   0.06108   0.04396   0.02381   0.06935    0.1518   0.04471
     16/39     14.7G    0.0429    0.1184    0.0363    0.1976       140       640    0.3773    0.0893   0.04752   0.02502   0.06887     0.154   0.04452
     17/39     14.7G   0.04273    0.1155   0.03587    0.1941        97       640    0.2652    0.1135   0.05087   0.02832   0.06822    0.1529   0.04405
     18/39     14.7G   0.04192    0.1148   0.03546    0.1922        74       640    0.3161    0.1051   0.05135   0.02926   0.06804    0.1515   0.04379
     19/39     14.7G   0.04186    0.1149    0.0352    0.1919       143       640    0.4225   0.08152   0.05698   0.03278   0.06852    0.1502    0.0427
     20/39     14.7G    0.0418    0.1154   0.03464    0.1918       132       640    0.4028   0.08741   0.05735   0.03319   0.06799    0.1519   0.04308
     21/39     14.7G   0.04148    0.1134   0.03449    0.1894       117       640    0.3761    0.1035   0.06703   0.03452   0.06676    0.1548   0.04258
     22/39     14.7G   0.04099    0.1137   0.03402    0.1887       174       640    0.2972    0.1289   0.07226   0.03774   0.06635    0.1556   0.04202
     23/39     14.7G     0.041    0.1139   0.03348    0.1884       138       640    0.2336    0.1466   0.07351   0.04122    0.0671    0.1487   0.04208
     24/39     14.7G    0.0405    0.1119   0.03315    0.1855        96       640     0.363     0.129   0.08511   0.05034   0.06624    0.1513   0.04148
     25/39     14.7G   0.04031    0.1104   0.03258    0.1833       142       640    0.5732   0.08533    0.0853   0.04904   0.06664    0.1511   0.04103
     26/39     14.7G   0.04021     0.112   0.03248    0.1846       106       640    0.3395    0.1408   0.08953   0.05178   0.06549    0.1505   0.04131
     27/39     14.7G   0.03973    0.1116   0.03243    0.1838       133       640    0.1313    0.2055   0.09181   0.05362   0.06536    0.1527   0.04078
     28/39     14.7G   0.03951    0.1109   0.03227    0.1827       121       640    0.1576    0.1801   0.09213   0.05373   0.06504    0.1523    0.0401
     29/39     14.7G   0.03952    0.1104   0.03181    0.1818       208       640     0.132    0.2031    0.1029   0.06157   0.06474     0.153   0.04033
     30/39     14.7G   0.03951    0.1082   0.03174    0.1795       152       640    0.1823    0.1871    0.1018   0.05787   0.06491    0.1508   0.03989
     31/39     14.7G   0.03899    0.1094   0.03134    0.1798       155       640     0.324    0.1447    0.1027   0.05899   0.06432    0.1501   0.03981
     32/39     14.7G   0.03884    0.1092   0.03137    0.1794       102       640    0.2201    0.1918    0.1175   0.06846   0.06408    0.1519   0.03961
     33/39     14.7G    0.0387    0.1081   0.03089    0.1777       144       640    0.1309    0.2103    0.1088   0.06368   0.06457    0.1507   0.03972
     34/39     14.7G   0.03858     0.108    0.0308    0.1774       143       640    0.1973    0.2177    0.1095   0.06158   0.06376    0.1527    0.0393
     35/39     14.7G    0.0386    0.1055   0.03058    0.1747       166       640    0.2764    0.1686    0.1154   0.06814   0.06375    0.1519   0.03904
     36/39     14.7G   0.03835    0.1058   0.03059    0.1748       120       640    0.2156    0.1984    0.1149   0.06741   0.06362    0.1548   0.03896
     37/39     14.7G   0.03799    0.1072   0.03033    0.1756       100       640    0.2145    0.2149    0.1227   0.06956   0.06313    0.1533   0.03881
     38/39     14.7G   0.03789    0.1051   0.03017    0.1731       174       640     0.179    0.2339    0.1175   0.06839   0.06367    0.1521   0.03869
     39/39     14.7G   0.03782    0.1033      0.03    0.1711       154       640    0.3199    0.2023    0.1287   0.07572   0.06304    0.1535   0.03854
