      0/19     1.51G   0.02763   0.02585  0.007277   0.06076       173       640     0.728    0.6303    0.7136    0.4708   0.04704   0.04184   0.01349
      1/19     7.06G   0.03373   0.02684  0.008718   0.06929       135       640    0.6749    0.5801    0.6444    0.3983   0.05262   0.04056   0.01421
      2/19     9.74G    0.0343   0.02898   0.01129   0.07457        93       640    0.5691    0.5413    0.5493    0.3435   0.05281   0.04268    0.0178
      3/19     9.74G   0.03231   0.03173   0.01484   0.07888       206       640    0.5715    0.4924    0.5192    0.3341   0.05166   0.04281   0.01983
      4/19     9.74G   0.03129   0.03222    0.0151   0.07861       138       640    0.6295    0.4506    0.5263    0.3449   0.05251   0.04338   0.01899
      5/19     9.74G   0.03041   0.03222   0.01403   0.07666       131       640    0.6025    0.4809    0.5339    0.3626   0.05078   0.04424   0.01905
      6/19     9.74G   0.02989   0.03152   0.01346   0.07486       104       640    0.6171    0.4899    0.5387    0.3569   0.05162   0.04284   0.01904
      7/19     9.74G   0.02913    0.0304   0.01291   0.07244       149       640    0.5875    0.5078    0.5439    0.3668   0.05055    0.0446   0.01921
      8/19     9.74G   0.02857    0.0307   0.01186   0.07113        80       640    0.6477    0.5338     0.573    0.3953   0.05046   0.04317   0.01812
      9/19     9.74G   0.02839   0.03022   0.01164   0.07026        85       640    0.6043     0.526     0.562    0.3836   0.04961    0.0436   0.01849
     10/19     9.74G   0.02748   0.02936   0.01074   0.06758       135       640    0.6399    0.5412    0.5884    0.4042   0.04938   0.04444   0.01794
     11/19     9.74G   0.02708   0.02892   0.01041   0.06641       135       640    0.6476    0.5353    0.5882    0.4068   0.04943   0.04294   0.01831
     12/19     9.74G   0.02667   0.02857  0.009782   0.06502       120       640    0.6731     0.523    0.5946    0.4176   0.04918   0.04411   0.01725
     13/19     9.74G   0.02619   0.02875  0.009213   0.06415       135       640    0.6045    0.5925    0.6127    0.4399   0.04835   0.04494   0.01746
     14/19     9.74G   0.02594   0.02724  0.008802   0.06197       115       640    0.6603     0.578    0.6255    0.4448   0.04733   0.04616   0.01681
     15/19     9.74G   0.02532   0.02661  0.008295   0.06023       124       640    0.6892    0.5484    0.6052    0.4291   0.04767   0.04592    0.0171
     16/19     9.74G   0.02507   0.02659  0.007873   0.05953       170       640    0.6661    0.5911    0.6339    0.4478    0.0477   0.04618   0.01677
     17/19     9.74G   0.02452   0.02594  0.007758   0.05822       116       640     0.683    0.5884    0.6339    0.4463   0.04678   0.04641   0.01611
     18/19     9.74G   0.02425   0.02525  0.007289   0.05679       143       640    0.6618    0.5888      0.64    0.4517   0.04698   0.04685    0.0167
     19/19     9.74G    0.0242   0.02515  0.007265   0.05661       156       640    0.6645    0.5996    0.6515    0.4607   0.04647   0.04669   0.01644
