      0/39     1.75G   0.07261   0.03119   0.05775    0.1616       173       640 0.0002343  0.003546 1.717e-05 2.055e-06   0.09937   0.04393   0.05512
      1/39     7.29G   0.06601   0.03231   0.04944    0.1478       135       640    0.3592 0.0008287 7.851e-05 1.349e-05   0.09471   0.04381   0.05145
      2/39     9.97G   0.05803   0.03565    0.0474    0.1411        93       640    0.3782   0.01453  0.001779 0.0007246   0.08706   0.04577   0.04975
      3/39     9.97G   0.05192   0.03813   0.04642    0.1365       206       640    0.1442   0.03332  0.001923  0.000671   0.08161   0.04693     0.049
      4/39     9.97G   0.04842   0.03923   0.04513    0.1328       138       640  0.007758    0.1177  0.009316   0.00517   0.08128    0.0464   0.04815
      5/39     9.97G   0.04624   0.04061   0.04428    0.1311       131       640    0.1368   0.04235  0.009769  0.004809    0.0777   0.04664   0.04755
      6/39     9.97G     0.045   0.04054   0.04313    0.1287       104       640    0.4667   0.02925    0.0141  0.007864   0.07467   0.04603    0.0466
      7/39     9.97G   0.04376   0.03984   0.04239     0.126       149       640    0.7224   0.02881   0.01831  0.009616   0.07318   0.04662   0.04618
      8/39     9.97G   0.04331   0.04093   0.04081     0.125        80       640    0.8091   0.03034   0.02939   0.01686    0.0718   0.04642   0.04552
      9/39     9.97G   0.04282   0.04055   0.04018    0.1235        85       640    0.5864   0.06358    0.0385   0.02072   0.07201   0.04618   0.04518
     10/39     9.97G   0.04227   0.04042   0.03877    0.1215       135       640    0.8195   0.04061   0.04191   0.02454    0.0694   0.04644   0.04521
     11/39     9.97G   0.04214   0.04028   0.03815    0.1206       135       640    0.6578   0.06214   0.05289   0.03149   0.06812   0.04606   0.04398
     12/39     9.97G   0.04182   0.04017   0.03732    0.1193       120       640    0.4203   0.09532   0.04899   0.02504   0.06724    0.0459   0.04344
     13/39     9.97G   0.04176   0.04099   0.03637    0.1191       135       640    0.6248    0.0738   0.06562   0.03537   0.06664   0.04585   0.04306
     14/39     9.97G   0.04122   0.03941   0.03574    0.1164       115       640    0.6671   0.07237   0.07597   0.04173   0.06631   0.04621   0.04218
     15/39     9.97G   0.04076   0.03916   0.03496    0.1149       124       640    0.7934   0.05337   0.07752   0.04131   0.06588   0.04601   0.04184
     16/39     9.97G   0.04081   0.03959   0.03406    0.1145       170       640    0.5863    0.1045   0.08253   0.04487   0.06518   0.04581   0.04117
     17/39     9.97G   0.04023   0.03915   0.03381    0.1132       116       640    0.5653    0.1071   0.08485   0.04798   0.06402   0.04543   0.04115
     18/39     9.97G   0.03996   0.03874   0.03276    0.1115       143       640    0.3682    0.1612   0.09295   0.05303   0.06475   0.04573   0.03998
     19/39     9.97G   0.03979   0.03854   0.03236    0.1107       156       640    0.3421    0.1796   0.09495   0.05406   0.06329    0.0458   0.03967
     20/39     9.97G    0.0395   0.03853   0.03209    0.1101       115       640    0.4472     0.155    0.1069   0.06121     0.063   0.04545   0.03913
     21/39     9.97G    0.0392   0.03882   0.03138    0.1094       124       640    0.3508    0.2024    0.1205    0.0663   0.06231   0.04591   0.03842
     22/39     9.97G   0.03915   0.03893   0.03114    0.1092       100       640    0.4636    0.1351    0.1168   0.06518   0.06216   0.04582   0.03801
     23/39     9.97G   0.03846   0.03828   0.03047    0.1072       133       640    0.2312    0.2231    0.1305   0.07853   0.06121   0.04554   0.03768
     24/39     9.97G   0.03848   0.03814   0.03036     0.107       134       640    0.4481    0.1565    0.1287   0.07799   0.06132   0.04509   0.03754
     25/39     9.97G   0.03822   0.03815   0.02979    0.1062       115       640    0.2258    0.2443    0.1422   0.08596   0.06119   0.04554   0.03712
     26/39     9.97G    0.0378   0.03819   0.02948    0.1055       156       640     0.375    0.1912     0.142   0.08594   0.06088   0.04546   0.03701
     27/39     9.97G   0.03788   0.03766   0.02916    0.1047       104       640    0.4094    0.1922    0.1596   0.09969   0.06004   0.04524   0.03665
     28/39     9.97G   0.03768    0.0371   0.02895    0.1037       175       640    0.3275    0.2294    0.1529   0.09179   0.05991   0.04566   0.03646
     29/39     9.97G   0.03737   0.03772   0.02861    0.1037        79       640    0.3529    0.2033    0.1595   0.09768   0.05979   0.04541   0.03607
     30/39     9.97G   0.03719   0.03778    0.0281    0.1031       108       640    0.2582    0.2489     0.167    0.1054   0.05926   0.04512   0.03561
     31/39     9.97G     0.037   0.03706   0.02778    0.1019       128       640    0.2668    0.2375    0.1724    0.1074   0.05909   0.04541   0.03533
     32/39     9.97G   0.03699   0.03721   0.02751    0.1017       207       640    0.3839    0.2109    0.1782    0.1065   0.05897    0.0451    0.0352
     33/39     9.97G    0.0366   0.03698   0.02741     0.101        48       640    0.3463    0.2368    0.1814    0.1121   0.05944   0.04533   0.03494
     34/39     9.97G   0.03662   0.03745   0.02714    0.1012       189       640    0.3896    0.2212    0.1853    0.1193   0.05884   0.04518   0.03463
     35/39     9.97G   0.03661   0.03727   0.02711     0.101       104       640    0.2569    0.2644    0.1831    0.1146   0.05841   0.04487    0.0346
     36/39     9.97G   0.03672   0.03674   0.02687    0.1003       208       640    0.4224    0.2116    0.1816    0.1149    0.0581   0.04506   0.03455
     37/39     9.97G   0.03615   0.03717   0.02691    0.1002       123       640    0.3836    0.2234    0.1889    0.1197   0.05843   0.04494   0.03449
     38/39     9.97G   0.03637   0.03692   0.02651    0.0998       144       640    0.3922    0.2371    0.1893    0.1208   0.05825   0.04512   0.03426
     39/39     9.97G   0.03602   0.03727   0.02667   0.09995       126       640    0.3706    0.2348    0.1867    0.1179   0.05811   0.04489   0.03419
