      0/39     1.99G    0.0729    0.1018   0.05783    0.2326       196       640    0.2052  0.001121 3.001e-05 4.855e-06    0.1039    0.1384   0.05645
      1/39     9.59G    0.0674    0.1142   0.04907    0.2307       121       640    0.9365 0.0008774 0.0001887 3.734e-05     0.096    0.1518   0.05167
      2/39     14.9G   0.06115     0.129   0.04768    0.2379       141       640  0.003025   0.03024  0.001494 0.0005465   0.09153    0.1598   0.05068
      3/39     14.9G   0.05711    0.1373   0.04615    0.2406        68       640  0.005481   0.05168  0.002826 0.0009331    0.0873    0.1563   0.04989
      4/39     14.9G   0.05387     0.139   0.04516    0.2381       130       640    0.1078   0.07276  0.006595   0.00276   0.08408    0.1563    0.0494
      5/39     14.9G   0.05156    0.1392   0.04443    0.2352       144       640    0.3307   0.04569  0.009778  0.004328   0.08133    0.1561   0.04882
      6/39     14.9G   0.04998    0.1364   0.04332    0.2297       189       640    0.2308   0.06367   0.01438  0.006736   0.07966    0.1546   0.04823
      7/39     14.9G   0.04876    0.1334   0.04271    0.2248       117       640     0.447   0.04861   0.01879   0.01002   0.07874    0.1529   0.04764
      8/39     14.9G   0.04816    0.1317     0.042    0.2219       131       640    0.3652   0.05351   0.01963   0.01078   0.07723    0.1557    0.0478
      9/39     14.9G   0.04731    0.1323   0.04127    0.2209        97       640    0.7275   0.02581   0.02283   0.01244   0.07534    0.1535   0.04716
     10/39     14.9G   0.04654    0.1306   0.04057    0.2177       129       640    0.5994   0.04286   0.02769    0.0154   0.07469    0.1546   0.04722
     11/39     14.9G   0.04596    0.1285      0.04    0.2145       183       640    0.5862   0.04226   0.03054    0.0171   0.07382    0.1535   0.04717
     12/39     14.9G   0.04556    0.1266   0.03928    0.2114       121       640    0.6541   0.04431   0.03215   0.01705   0.07342    0.1534   0.04619
     13/39     14.9G   0.04512    0.1256   0.03874    0.2094       121       640    0.4498   0.05648   0.03249   0.01715   0.07319    0.1515   0.04586
     14/39     14.9G   0.04491    0.1235   0.03815    0.2066       108       640    0.4236   0.06279   0.03634   0.01968    0.0716    0.1537   0.04578
     15/39     14.9G   0.04434    0.1234   0.03762    0.2054       130       640    0.5406   0.04704   0.03977   0.02178   0.07114    0.1518   0.04547
     16/39     14.9G   0.04393    0.1222   0.03701    0.2031       140       640    0.5568    0.0565   0.04371   0.02387   0.07108    0.1535   0.04497
     17/39     14.9G   0.04377    0.1206   0.03662     0.201        97       640    0.5487   0.05933   0.05069    0.0281    0.0702    0.1511   0.04444
     18/39     14.9G    0.0429    0.1185   0.03617    0.1975        74       640    0.5277   0.06375   0.04926   0.02645   0.06941    0.1513   0.04437
     19/39     14.9G   0.04275    0.1184   0.03589     0.197       143       640    0.3709   0.08498   0.05307   0.02895    0.0691    0.1549   0.04334
     20/39     14.9G    0.0427    0.1192   0.03535    0.1973       132       640     0.134    0.1472   0.06162   0.03391   0.06872    0.1514   0.04343
     21/39     14.9G   0.04241    0.1171   0.03519    0.1947       117       640    0.2285    0.1255    0.0606   0.03381   0.06894    0.1513   0.04332
     22/39     14.9G   0.04198    0.1181   0.03473    0.1948       174       640    0.1229     0.151   0.05931   0.03415   0.06863    0.1532   0.04246
     23/39     14.9G   0.04199    0.1176   0.03429    0.1939       138       640    0.2772    0.1165    0.0622   0.03241   0.06918    0.1465   0.04316
     24/39     14.9G   0.04145    0.1162   0.03394    0.1916        96       640    0.3827   0.09278   0.06826   0.03743   0.06783    0.1518   0.04207
     25/39     14.9G   0.04123    0.1142   0.03339    0.1889       142       640    0.4076   0.09935    0.0789   0.04035   0.06735    0.1515   0.04189
     26/39     14.9G   0.04113    0.1153   0.03327    0.1897       106       640    0.2906    0.1315   0.07359   0.04071   0.06718    0.1512   0.04206
     27/39     14.9G    0.0406    0.1143   0.03328    0.1881       133       640    0.1267    0.1815   0.08176   0.04443   0.06628    0.1496   0.04163
     28/39     14.9G   0.04038    0.1138   0.03306    0.1872       121       640    0.2053    0.1556   0.07985   0.04478    0.0666    0.1499   0.04123
     29/39     14.9G   0.04043    0.1133   0.03262    0.1864       208       640    0.3139    0.1222   0.08714    0.0498   0.06621    0.1533   0.04146
     30/39     14.9G   0.04033    0.1116   0.03251    0.1844       152       640    0.2156     0.188    0.0884   0.04903   0.06616    0.1487   0.04094
     31/39     14.9G   0.03983     0.113   0.03212    0.1849       155       640    0.4229    0.1154   0.09335   0.05077   0.06574    0.1471   0.04074
     32/39     14.9G   0.03965    0.1122   0.03215     0.184       102       640    0.3245    0.1339   0.09565   0.05258    0.0653    0.1496   0.04076
     33/39     14.9G   0.03955    0.1113   0.03169    0.1825       144       640    0.2517    0.1418   0.09421   0.05141   0.06536    0.1488   0.04062
     34/39     14.9G   0.03943    0.1113   0.03161    0.1823       143       640    0.2187    0.1825   0.09678   0.05556   0.06495    0.1482    0.0404
     35/39     14.9G   0.03944    0.1088   0.03134    0.1795       166       640    0.2711    0.1627    0.1006   0.05797   0.06476    0.1479   0.04046
     36/39     14.9G    0.0392    0.1092   0.03139    0.1798       120       640    0.2938    0.1615    0.1009    0.0566   0.06502    0.1505   0.04012
     37/39     14.9G    0.0389    0.1106   0.03102    0.1805       100       640    0.2993    0.1671    0.1113   0.06152   0.06413    0.1502    0.0402
     38/39     14.9G   0.03876    0.1082   0.03098    0.1779       174       640    0.2573    0.1701    0.1081   0.06346   0.06455    0.1481    0.0399
     39/39     14.9G   0.03869    0.1066   0.03079    0.1761       154       640    0.1812    0.1967    0.1097   0.06387   0.06392    0.1518   0.03965
