      0/39     2.25G   0.07234   0.03179   0.05916    0.1633       173       640 9.458e-05 0.0004875 4.587e-06 8.068e-07   0.09903   0.04493   0.05684
      1/39     7.25G    0.0669    0.0318   0.04972    0.1484       135       640    0.5514  0.001341 6.058e-05 1.066e-05   0.09363   0.04456   0.05239
      2/39     7.26G   0.05864   0.03517   0.04732    0.1411        93       640  0.002982   0.01915  0.000817 0.0002143   0.08699    0.0454   0.05033
      3/39     7.26G   0.05251   0.03779   0.04617    0.1365       206       640  0.004635   0.04812  0.003075  0.001273   0.08073   0.04679   0.04936
      4/39     7.26G   0.04905   0.03904   0.04472    0.1328       138       640   0.02357   0.08144  0.008595  0.003727   0.07849   0.04637   0.04883
      5/39     7.26G   0.04696   0.04035   0.04379    0.1311       131       640    0.3954   0.02641   0.01402  0.006032   0.07651   0.04665   0.04827
      6/39     7.26G   0.04567   0.04027   0.04262    0.1286       104       640    0.3376   0.03965   0.01101  0.005996    0.0733   0.04681   0.04784
      7/39     7.26G   0.04444   0.03963   0.04197     0.126       149       640    0.4137   0.04498   0.01696  0.008113   0.07409   0.04718   0.04802
      8/39     7.26G   0.04414   0.04059   0.04054    0.1253        80       640    0.7616   0.03289   0.02738   0.01512   0.07105   0.04732   0.04679
      9/39     7.26G    0.0435   0.04025   0.03991    0.1237        85       640    0.8163    0.0359   0.03996   0.02161    0.0701   0.04689   0.04634
     10/39     7.26G   0.04277   0.04006   0.03845    0.1213       135       640    0.6681   0.05841   0.04674   0.02546   0.06908   0.04654    0.0459
     11/39     7.26G   0.04261   0.03997    0.0378    0.1204       135       640    0.4439   0.09362   0.05422   0.02958   0.06862   0.04637   0.04542
     12/39     7.26G   0.04213   0.03988   0.03697     0.119       120       640    0.5478    0.0886   0.06435   0.03238   0.06733   0.04567   0.04427
     13/39     7.26G   0.04195   0.04072   0.03599    0.1187       135       640    0.4804    0.1014   0.06908   0.03931   0.06664   0.04575   0.04358
     14/39     7.26G   0.04154   0.03919   0.03548    0.1162       115       640    0.6283   0.07842    0.0761   0.04059   0.06625   0.04622   0.04275
     15/39     7.26G   0.04103     0.039   0.03466    0.1147       124       640     0.454    0.1119   0.07792   0.04473   0.06508   0.04578   0.04251
     16/39     7.26G   0.04087   0.03935    0.0337    0.1139       170       640    0.5899   0.09378   0.08392   0.04462    0.0648   0.04629   0.04159
     17/39     7.26G   0.04038   0.03903    0.0335    0.1129       116       640    0.3558    0.1645   0.08802   0.04969   0.06356   0.04556   0.04131
     18/39     7.26G   0.04015   0.03856   0.03242    0.1111       143       640    0.5859    0.1134    0.1064   0.06192   0.06368   0.04646   0.04073
     19/39     7.26G   0.03985   0.03835   0.03202    0.1102       156       640     0.455    0.1446    0.1012   0.05863   0.06341   0.04616   0.04003
     20/39     7.26G   0.03965   0.03826   0.03173    0.1096       115       640    0.3905    0.1742    0.1083   0.06239   0.06283    0.0452   0.03893
     21/39     7.26G   0.03939   0.03861   0.03093    0.1089       124       640    0.4155    0.1631    0.1227   0.07138   0.06203   0.04568   0.03828
     22/39     7.26G   0.03916   0.03872   0.03075    0.1086       100       640    0.4374    0.1659    0.1312   0.07619   0.06147   0.04562   0.03801
     23/39     7.26G   0.03861   0.03798   0.02995    0.1065       133       640    0.3824    0.1838    0.1259    0.0734   0.06073   0.04536   0.03756
     24/39     7.26G   0.03852   0.03782   0.02987    0.1062       134       640    0.3415    0.1882    0.1337   0.07774   0.06091   0.04541   0.03726
     25/39     7.26G   0.03827   0.03795   0.02938    0.1056       115       640    0.4273    0.1828    0.1446   0.08763    0.0609    0.0452   0.03722
     26/39     7.26G   0.03782   0.03788   0.02905    0.1047       156       640    0.2887    0.2137     0.147   0.08716   0.06023    0.0453   0.03713
     27/39     7.26G   0.03785   0.03739   0.02862    0.1039       104       640     0.296    0.2523    0.1574   0.09561   0.05985   0.04521    0.0365
     28/39     7.26G   0.03768   0.03683   0.02849     0.103       175       640    0.3352    0.2254    0.1561   0.09421   0.05982   0.04522   0.03596
     29/39     7.26G   0.03742   0.03746   0.02805    0.1029        79       640    0.3513    0.1923    0.1654    0.1029   0.05967   0.04567   0.03584
     30/39     7.26G   0.03725   0.03747   0.02754    0.1023       108       640    0.3832    0.2147    0.1668    0.1004   0.05915   0.04518   0.03523
     31/39     7.26G   0.03698   0.03673   0.02722    0.1009       128       640    0.2501    0.2332    0.1675    0.1026   0.05906   0.04517   0.03482
     32/39     7.26G   0.03697   0.03699   0.02698    0.1009       207       640    0.3582    0.2237    0.1828    0.1121   0.05897   0.04511   0.03468
     33/39     7.26G   0.03663   0.03663   0.02683    0.1001        48       640    0.3686     0.213    0.1819    0.1106    0.0592   0.04537    0.0347
     34/39     7.26G   0.03658   0.03705   0.02653    0.1002       189       640    0.3016    0.2556    0.1875    0.1136   0.05867   0.04533   0.03419
     35/39     7.26G   0.03651   0.03693   0.02647    0.0999       104       640    0.2798    0.2581    0.1842     0.112   0.05852   0.04496   0.03417
     36/39     7.26G   0.03662   0.03645   0.02624   0.09931       208       640    0.3353    0.2488    0.1963    0.1216   0.05802   0.04492   0.03408
     37/39     7.26G   0.03614   0.03689   0.02632   0.09935       123       640     0.306    0.2524      0.19    0.1176   0.05822    0.0452   0.03392
     38/39     7.26G   0.03639   0.03655   0.02588   0.09882       144       640    0.3813    0.2252    0.1922    0.1197   0.05818    0.0449   0.03396
     39/39     7.26G   0.03597    0.0369   0.02603   0.09889       126       640    0.3322    0.2451    0.1918     0.119   0.05817   0.04532    0.0339
